1 Car 220.152672 -0.870000
2 Car 139.847328 -2.271593
3 Car 165.148723 -1.830000
4 Car 75.584803 2.890000
5 Car 284.415197 0.251593
6 Car 173.078880 -1.691593
7 Car 11.986488 1.780000
8 Car 26.310432 2.030000
9 Car 333.689568 1.111593
10 Car 203.445643 -1.161593
11 Car 69.282267 2.780000
12 Car 290.717733 0.361593
13 Car 329.678863 1.041593
14 Car 26.883390 2.040000
15 Car 359.954374 1.570000
16 Car 190.267614 -1.391593
17 Car 345.721681 1.321593
18 Car 220.152672 -0.870000
19 Car 139.847328 -2.271593
20 Car 209.266474 -1.060000
21 Car 217.287883 -0.920000
22 Car 193.705361 -1.331593
23 Car 208.693516 -1.070000
24 Car 255.011845 -0.261593
25 Car 163.338598 -1.861593
26 Car 20.580854 1.930000
27 Car 175.461964 -1.650000
28 Car 178.808458 -1.591593
29 Car 326.814074 0.991593
30 Car 295.301395 0.441593
31 Car 171.451259 -1.720000
32 Car 27.456348 2.050000
33 Car 332.543652 1.091593
34 Car 169.159428 -1.760000
35 Car 190.840572 -1.381593
36 Car 200.099149 -1.220000
37 Car 159.900851 -1.921593
38 Car 10.267614 1.750000
39 Car 349.732386 1.391593
40 Car 338.273230 1.191593
41 Car 315.354918 0.791593
42 Car 267.708169 -0.040000
43 Car 205.255769 -1.130000
44 Car 177.753795 -1.610000
45 Car 44.645082 2.350000
46 Car 335.408441 1.141593
47 Car 337.127314 1.171593
48 Car 15.424234 1.840000
49 Car 148.532947 -2.120000
50 Car 211.467053 -1.021593
51 Car 37.196631 2.220000
52 Car 322.803369 0.921593
53 Car 13.705361 1.810000
54 Car 346.294639 1.331593
55 Car 28.029306 2.060000
56 Car 187.975783 -1.431593
57 Car 343.429850 1.281593
58 Car 148.441695 -2.121593
59 Car 180.527332 -1.561593
60 Car 123.231552 -2.561593
61 Car 295.301395 0.441593
62 Car 342.856892 1.271593
63 Car 234.476617 -0.620000
64 Car 145.576906 -2.171593
65 Car 12.559445 1.790000
66 Car 347.440555 1.351593
67 Car 345.148723 1.311593
68 Car 29.175221 2.080000
69 Car 330.824779 1.061593
70 Car 159.900851 -1.921593
71 Car 106.707028 -2.850000
72 Car 137.073792 -2.320000
73 Car 240.206195 -0.520000
74 Car 26.883390 2.040000
75 Car 333.116610 1.101593
76 Car 143.285075 -2.211593
77 Car 213.758884 -0.981593
78 Car 13.132403 1.800000
79 Car 179.472668 -1.580000
80 Car 18.861981 1.900000
81 Car 58.396069 2.590000
82 Car 179.954374 -1.571593
83 Car 141.084496 -2.250000
84 Car 218.915504 -0.891593
85 Car 171.451259 -1.720000
86 Car 187.975783 -1.431593
87 Car 202.390980 -1.180000
88 Car 157.609020 -1.961593
89 Car 25.737475 2.020000
90 Car 181.764500 -1.540000
91 Car 10.840572 1.760000
92 Car 179.472668 -1.580000
93 Car 349.159428 1.381593
94 Car 171.360007 -1.721593
95 Car 207.547600 -1.090000
96 Car 181.191542 -1.550000
97 Car 299.220848 0.510000
98 Car 19.434939 1.910000
99 Car 193.796613 -1.330000
100 Car 161.710977 -1.890000
101 Car 208.693516 -1.070000
102 Car 151.306484 -2.071593
103 Car 151.879442 -2.061593
104 Car 341.710977 1.251593
105 Car 216.141967 -0.940000
106 Car 143.858033 -2.201593
107 Car 180.045626 -1.570000
108 Car 179.954374 -1.571593
109 Car 201.153812 -1.201593
110 Car 33.758884 2.160000
111 Car 184.056331 -1.500000
112 Car 79.595507 2.960000
113 Car 280.404493 0.181593
114 Car 7.402825 1.700000
115 Car 180.045626 -1.570000
116 Car 206.401685 -1.110000
117 Car 153.598315 -2.031593
118 Car 25.737475 2.020000
119 Car 334.262525 1.121593
120 Car 18.861981 1.900000
121 Car 341.138019 1.241593
122 Car 160.565061 -1.910000
123 Car 342.856892 1.271593
124 Car 191.986488 -1.361593
125 Car 154.262525 -2.020000
126 Car 179.472668 -1.580000
127 Car 187.975783 -1.431593
128 Car 111.290691 -2.770000
129 Car 248.709309 -0.371593
130 Car 295.783101 0.450000
131 Car 104.988155 -2.880000
132 Car 83.606212 3.030000
133 Car 276.393788 0.111593
134 Car 268.762832 -0.021593
135 Car 183.392121 -1.511593
136 Car 264.843380 -0.090000
137 Car 95.156620 -3.051593
138 Car 292.918312 0.400000
139 Car 170.305344 -1.740000
140 Car 69.373519 2.781593
141 Car 99.831535 -2.970000
142 Car 359.954374 1.570000
143 Car 246.417478 -0.411593
144 Car 352.505922 1.440000
145 Car 7.494078 1.701593
146 Car 17.143108 1.870000
147 Car 338.273230 1.191593
148 Car 2.246205 1.610000
149 Car 295.783101 0.450000
150 Car 64.216899 2.691593
151 Car 352.024217 1.431593
152 Car 122.749847 -2.570000
153 Car 100.977450 -2.950000
154 Car 259.022550 -0.191593
155 Car 191.413530 -1.371593
156 Car 4.538036 1.650000
157 Car 355.461964 1.491593
158 Car 104.988155 -2.880000
159 Car 253.292972 -0.291593
160 Car 255.011845 -0.261593
161 Car 173.170133 -1.690000
162 Car 186.829867 -1.451593
163 Car 150.733526 -2.081593
164 Car 232.184786 -0.660000
165 Car 127.815214 -2.481593
166 Car 2.246205 1.610000
167 Car 357.753795 1.531593
168 Car 344.002808 1.291593
169 Car 166.867597 -1.800000
170 Car 71.001140 2.810000
171 Car 288.998860 0.331593
172 Car 185.110994 -1.481593
173 Car 64.698605 2.700000
174 Car 295.301395 0.441593
175 Car 189.785909 -1.400000
176 Car 177.089585 -1.621593
177 Car 234.385364 -0.621593
178 Car 185.110994 -1.481593
179 Car 91.810126 -3.110000
180 Car 104.415197 -2.890000
181 Car 181.100289 -1.551593
182 Car 280.313240 0.180000
183 Car 79.686760 2.961593
184 Car 18.289023 1.890000
185 Car 187.975783 -1.431593
186 Car 116.447311 -2.680000
187 Car 187.402825 -1.441593
188 Car 200.007897 -1.221593
189 Car 114.728438 -2.710000
190 Car 245.271562 -0.431593
191 Car 14.278319 1.820000
192 Car 333.116610 1.101593
193 Car 174.889006 -1.660000
194 Car 356.034922 1.501593
195 Car 10.840572 1.760000
196 Car 253.865929 -0.281593
197 Car 64.789857 2.701593
198 Car 5.110994 1.660000
199 Car 341.138019 1.241593
200 Car 168.586470 -1.770000
201 Car 177.180837 -1.620000
202 Car 25.164517 2.010000
203 Car 341.710977 1.251593
204 Car 349.068176 1.380000
205 Car 10.931824 1.761593
206 Car 73.957182 2.861593
207 Car 306.096341 0.630000
208 Car 53.903659 2.511593
209 Car 182.246205 -1.531593
210 Car 90.664210 -3.130000
211 Car 260.259717 -0.170000
212 Car 246.508730 -0.410000
213 Car 113.491270 -2.731593
214 Car 354.889006 1.481593
215 Car 0.618584 1.581593
216 Car 71.574098 2.820000
217 Car 99.831535 -2.970000
218 Car 260.168465 -0.171593
219 Car 170.787049 -1.731593
220 Car 359.472668 1.561593
221 Car 291.772396 0.380000
222 Car 172.024217 -1.710000
223 Car 174.889006 -1.660000
224 Car 25.164517 2.010000
225 Car 349.159428 1.381593
226 Car 113.582522 -2.730000
227 Car 246.417478 -0.411593
228 Pedestrian 287.188734 0.300000
229 Pedestrian 247.654646 -0.390000
230 Pedestrian 25.737475 2.020000
231 Pedestrian 72.811266 2.841593
232 Pedestrian 112.345354 -2.751593
233 Pedestrian 334.262525 1.121593
234 Pedestrian 310.680003 0.710000
235 Pedestrian 179.472668 -1.580000
236 Pedestrian 186.348162 -1.460000
237 Pedestrian 49.319997 2.431593
238 Pedestrian 173.651838 -1.681593
239 Pedestrian 282.032114 0.210000
240 Pedestrian 77.967886 2.931593
241 Pedestrian 338.181978 1.190000
242 Pedestrian 21.818022 1.951593
243 Pedestrian 162.283935 -1.880000
244 Pedestrian 197.716065 -1.261593
245 Pedestrian 62.979731 2.670000
246 Pedestrian 297.020269 0.471593
247 Pedestrian 119.885058 -2.620000
248 Pedestrian 315.836624 0.800000
249 Pedestrian 151.397736 -2.070000
250 Pedestrian 240.114942 -0.521593
251 Pedestrian 44.163376 2.341593
252 Pedestrian 208.602264 -1.071593
253 Pedestrian 5.110994 1.660000
254 Pedestrian 351.932965 1.430000
255 Pedestrian 274.583662 0.080000
256 Pedestrian 85.416338 3.061593
257 Pedestrian 97.539704 -3.010000
258 Pedestrian 262.460296 -0.131593
259 Pedestrian 133.636045 -2.380000
260 Pedestrian 226.363955 -0.761593
261 Pedestrian 219.579714 -0.880000
262 Pedestrian 140.420286 -2.261593
263 Pedestrian 1.100289 1.590000
264 Cyclist 18.289023 1.890000
265 Cyclist 341.710977 1.251593
266 Cyclist 129.052382 -2.460000
267 Cyclist 230.947618 -0.681593
268 Cyclist 9.121699 1.730000
269 Cyclist 350.878301 1.411593
270 Cyclist 160.565061 -1.910000
271 Cyclist 199.434939 -1.231593
272 Cyclist 165.148723 -1.830000
273 Cyclist 194.851277 -1.311593
274 Cyclist 332.452400 1.090000
275 Cyclist 27.547600 2.051593
276 Cyclist 4.538036 1.650000
277 Cyclist 181.764500 -1.540000
278 Cyclist 145.095201 -2.180000
279 Cyclist 214.904799 -0.961593
280 Cyclist 88.762832 3.120000
281 Cyclist 271.237168 0.021593
282 Cyclist 251.665351 -0.320000
283 Cyclist 241.352110 -0.500000
284 Cyclist 259.113802 -0.190000
285 Cyclist 108.334649 -2.821593
286 Cyclist 118.647890 -2.641593
287 Cyclist 100.886198 -2.951593
288 Cyclist 143.949285 -2.200000
289 Cyclist 216.050715 -0.941593
290 Cyclist 75.011845 2.880000
291 Cyclist 284.988155 0.261593
292 Cyclist 36.050715 2.200000
293 Cyclist 323.949285 0.941593
294 Cyclist 71.001140 2.810000
295 Cyclist 288.998860 0.331593
296 Cyclist 62.979731 2.670000
297 Cyclist 297.020269 0.471593
298 Cyclist 53.812407 2.510000
299 Cyclist 306.187593 0.631593
